,53399,55444,56054,56604,56894,57335,57885,62802,63200,63353,63613,63649,63666,64927,68236,69394,55529,55639,55762,55882,56094,58072,63635,3790,41898,55399,55466,55498,55787,56323,56780,56891,56988,57076,57221,63644,63880,64765,66780,55588,55827,56212,56337,56375,56363,57228,63749,63875,63868,63917,63962,64939,64945,64998,66848,F. mon R,F. prol R,F. sol,55347,55861,56016,56848,57016,57721,62698,63414,63746,F. oxy,56104,56240,56242,56301,56340,58023,63316,63768,65068,55585,56321,58025,63648,70263,73685,73758,55496,55760,55979,57949,55349,55583,55945,56665,56868,57081,57239,57560,63145,63447,63550,63901,73752,F. oxy R
53399,0,469.6470855,527.3296827,336.5174176,471.9312509,349.1465299,599.6143347,551.1566777,362.1563829,240.8129596,542.119147,525.4019297,523.9721211,412.5775297,492.8448988,521.2490497,504.3909985,696.7115113,631.545716,799.7539062,849.457864,656.8654838,552.7085532,719.5716881,802.742775,591.3003111,775.5827773,767.0042627,930.0893914,817.9463497,814.3625609,751.9344102,866.7174791,969.1355131,976.6088452,912.8490009,631.2830306,727.378395,651.3242114,924.5389162,974.2418013,1021.852645,964.3096267,1244.286209,1238.873264,1137.031731,1063.71162,1159.137472,1341.089392,1279.371906,1248.013245,1012.760644,966.2412388,1227.204189,1131.159409,1237.072612,1207.772086,1034.050752,1111.587696,1244.536565,1280.567468,1384.219359,1336.644724,1026.525294,1213.430982,1277.211537,1109.959534,1266.747953,777.4758477,802.9500743,972.1823544,982.643486,1058.186125,1023.226263,1204.930413,1138.908424,894.4375627,1240.793083,1261.025256,1253.028613,1462.013583,1349.831976,1266.498381,1422.781604,1375.323122,1432.467827,1270.259336,1277.762676,1277.568273,1369.280061,1665.988798,1397.909819,1577.909674,1516.078982,1719.23222,1615.534327,1488.398279,1363.350495,1258.976266,1348.727731,1311.662119,1323.384259
55444,469.6470855,0,377.9339207,466.9707939,397.6061641,469.1408099,364.0543041,334.1455754,446.121243,481.7604916,317.4961038,273.4539776,330.3907813,469.9545743,434.9208555,428.7333541,510.5038389,512.7025028,445.4383256,583.0868355,681.5994045,571.239769,632.5174191,569.2416433,618.7403643,443.163492,584.8697797,568.934418,724.3453326,691.0425915,755.0234196,653.8646874,729.5500337,779.877529,794.5586586,729.07431,459.1045246,566.3186071,548.6544038,741.2228201,799.3088385,839.7713238,891.6945902,1056.78944,1043.417321,955.2009272,971.9698624,1086.957141,1156.985679,1229.123592,1056.27294,936.7270045,926.0925433,1025.296901,945.0429843,1057.621799,1059.123794,893.1091395,1039.578416,1079.7686,1110.085155,1228.142957,1158.684351,878.313257,1041.886232,1082.628293,944.9928127,1109.874683,611.7943693,652.817473,775.8697731,928.2314378,893.0008549,850.774253,1047.558217,968.7724392,748.2003061,1089.397051,1119.313061,1139.995338,1305.648527,1161.251264,1101.853536,1236.830237,1222.010503,1273.037145,1121.015955,1132.058399,1190.08948,1207.460557,1517.43144,1234.815519,1474.229844,1354.405453,1561.985735,1447.780758,1337.394427,1247.108202,1115.046378,1190.962995,1216.757527,1157.736107
56054,527.3296827,377.9339207,0,564.4578645,498.1893591,563.770298,527.0287708,411.5178809,542.8225549,568.3208634,411.3416955,410.941208,323.2270499,512.9522876,483.5341867,447.4771012,636.4418418,595.2609195,574.4131314,729.8186745,756.067141,725.5175959,734.9212243,665.7007482,699.7368376,533.3459929,675.2440517,616.7344112,817.9108377,801.3813377,853.9054666,723.0851003,734.239985,860.8311315,870.4818099,814.8433278,555.3471973,672.0925143,592.9118916,794.4356928,843.9377765,906.3741622,942.686478,1121.79565,1113.703594,958.5382813,1055.662827,1175.312487,1197.677707,1307.975666,1083.106404,997.5173455,1014.750755,1069.10526,958.6200046,1154.021735,1151.952717,971.0926947,1137.848055,1162.758779,1195.791464,1300.582985,1252.525347,965.056609,1130.216363,1184.661479,1017.708387,1182.963786,713.295878,729.5799883,870.3996646,1015.38594,973.0074552,925.8380478,1122.64544,1061.352716,821.0394875,1161.324455,1208.277087,1184.615914,1382.753098,1231.134725,1195.545458,1330.599181,1291.364968,1339.146953,1183.226974,1195.5831,1275.748231,1285.103373,1579.541245,1300.505132,1549.467877,1432.008114,1630.124402,1521.33318,1403.32542,1334.321675,1185.655065,1259.672406,1300.680039,1237.651167
56604,336.5174176,466.9707939,564.4578645,0,466.2249223,143.7385891,557.3202419,483.9522017,102.4896315,191.4766399,485.1812061,469.8020593,541.8711973,346.5823749,542.3693973,544.1861586,434.1665493,639.0573839,567.1348039,730.3966057,740.7501248,556.1728692,441.7165097,647.0443641,705.9823146,533.4503046,699.0976098,685.3150066,823.9427182,677.8875116,683.0444075,619.7576355,785.9091709,857.8154332,859.2563389,813.9574907,568.1804641,647.6716142,611.5001054,851.1711563,858.2352735,928.1311151,859.0440445,1133.571453,1133.765534,1043.836652,935.6862658,1004.346056,1234.978366,1130.156092,1155.962113,964.8203344,819.3023596,1120.877773,1068.451155,1119.195244,1082.020973,937.6613015,948.4023586,1102.973869,1150.794304,1272.907614,1207.401145,924.2156817,1093.106835,1157.51889,995.0584323,1145.705615,684.6865913,723.8619023,847.3368105,818.1210544,952.9902266,908.6170915,1105.225032,1030.403269,814.4602178,1106.850836,1135.221668,1163.060331,1349.086356,1225.696382,1133.37248,1291.963515,1280.920314,1330.930901,1174.929482,1177.883347,1145.064602,1253.963531,1555.769572,1282.670734,1447.981776,1399.283157,1602.416293,1492.429518,1368.364521,1231.05695,1133.427025,1230.011536,1167.874093,1205.630659
56894,471.9312509,397.6061641,498.1893591,466.2249223,0,443.2653626,519.5788278,467.3390699,459.8867715,474.8681888,455.3920722,429.7498136,452.3923986,534.8105832,274.3652709,507.7162544,493.4510393,631.4112064,538.6063025,722.4954119,751.0490622,637.1373648,624.571059,534.1302562,685.3077006,464.3352701,656.7367075,675.2509498,821.0243017,794.4225923,817.4042234,705.7967785,766.9350642,842.4008515,854.0097216,787.076738,519.8505009,538.8222908,590.5195941,809.9258713,872.5817632,903.5107975,945.7375653,1104.100305,1103.825359,1039.300109,992.4416358,1078.497316,1210.310028,1215.580089,1140.387121,1011.281279,939.2080178,1111.86754,1022.485563,1133.320519,1100.488066,865.1486531,1039.6742,1138.738916,1168.550919,1285.96286,1222.110931,863.3658324,1099.243986,1169.581303,1017.183022,1161.065897,650.451165,633.2477049,860.409868,956.0068792,948.1183569,911.2294226,1091.610938,1010.029112,720.5611736,1132.11136,1097.427576,1183.156047,1355.44464,1239.938443,1151.079797,1305.611948,1287.545028,1317.013708,1169.155554,1176.187202,1179.556768,1257.38998,1560.714789,1298.514298,1476.788047,1407.484094,1611.056464,1505.48333,1379.891739,1248.321048,1160.167179,1244.594686,1220.384491,1208.958167
57335,349.1465299,469.1408099,563.770298,143.7385891,443.2653626,0,568.2835132,513.757959,158.2287829,190.9077818,503.6959249,488.3824167,535.2472345,331.7158443,534.7402476,556.3016369,433.8463813,643.1799655,568.3482015,733.0246075,767.4782607,556.3610163,449.6375059,623.7777897,697.779375,513.8717956,673.8306243,674.464403,818.5917168,655.9453049,665.5037858,597.1248305,762.5895217,844.688253,854.7433481,792.4752793,547.2219128,635.294294,579.9197743,837.4015544,867.350927,909.9024702,849.0201023,1110.370163,1110.191346,1031.350184,928.8582711,984.8631696,1218.047176,1104.635174,1139.524271,992.0541842,822.2686358,1111.621494,1058.785837,1107.869447,1071.632188,931.4269673,933.2833968,1108.370441,1146.396047,1263.690453,1199.606363,915.587538,1081.622137,1144.034611,989.1021601,1134.932493,670.7950004,713.3336706,848.2828773,802.5902233,949.9013908,906.2029332,1100.921112,1020.686802,816.0070253,1103.99464,1116.202405,1153.801313,1337.573403,1214.55475,1122.024492,1287.516085,1273.8572,1322.768204,1164.869739,1167.233894,1125.409599,1241.478785,1546.096852,1274.048941,1436.091862,1386.564755,1592.887198,1481.616234,1354.311795,1216.006555,1122.451841,1223.341523,1155.475395,1196.502964
57885,599.6143347,364.0543041,527.0287708,557.3202419,519.5788278,568.2835132,0,325.7421139,531.5983659,593.6592029,321.691597,335.9008236,352.3822621,626.6782389,570.7310843,544.4052626,550.2755318,469.0946555,427.2629566,555.3160685,599.2885625,590.412846,651.082208,536.4359767,523.79341,435.4635918,527.9472816,471.7541146,526.3054917,664.8952073,666.2925331,601.2346495,662.8909952,680.0578428,672.2301764,624.4001329,428.6084721,523.7758756,542.2040061,705.7113475,725.7846667,764.2813952,921.9082136,953.0925933,967.8456961,890.1648568,958.1404216,1040.156476,1060.645745,1151.036851,991.9409327,827.6903967,881.9528245,870.3585811,928.5302689,940.4728606,931.3297048,809.7104159,951.7905726,920.7874672,967.2733723,1131.622765,1035.466209,797.4220504,927.8534815,1015.551765,821.401989,975.9451652,594.1934816,638.1955104,684.8062843,868.1574052,830.6368888,802.3724074,982.8017511,911.674311,730.8651679,960.9464612,1018.409275,1029.898514,1200.614309,1049.389724,990.7775939,1072.980306,1143.789602,1157.314429,1017.90152,1019.694914,1107.480821,1074.149392,1408.979136,1145.14597,1377.074692,1231.91837,1437.987866,1318.109054,1220.004499,1151.330627,996.1665129,1057.490992,1119.242614,1019.873364
62802,551.1566777,334.1455754,411.5178809,483.9522017,467.3390699,513.757959,325.7421139,0,451.8614633,539.6201511,77.51641192,150.6962589,362.1011993,587.2473365,527.2225053,484.2549275,499.7242812,435.3369583,407.7675359,545.1390358,545.9845192,553.9413881,613.0626806,538.1576632,480.1580451,384.9668446,520.9009455,450.4946887,606.3248548,642.0164176,717.8828735,650.6115722,625.7293184,649.7106123,643.9249813,619.8326101,420.6963312,532.0876143,524.7387289,665.2736708,671.9626389,751.6644345,901.0641599,936.6530643,950.164413,828.5734807,935.6418494,1017.578193,1034.983097,1135.694898,944.9427236,801.9179512,839.169599,906.5031763,879.8967239,992.5776655,941.4307262,827.7638301,939.3799725,930.6781553,978.6695797,1141.298974,1039.31386,820.1937719,937.7406206,1028.71369,831.6650265,988.2744569,565.9797932,621.2153397,680.4883544,861.5210793,819.2449484,790.3949705,974.6588095,904.4630421,716.856358,959.5146391,1019.701586,1031.757716,1204.781278,1053.934223,997.6191446,1121.643133,1138.21094,1188.052132,1036.691356,1040.848076,1103.191578,1099.435963,1422.47639,1144.557991,1374.983243,1255.885265,1459.16429,1353.149207,1236.640994,1156.560644,1021.753298,1079.237532,1120.585674,1051.936462
63200,362.1563829,446.121243,542.8225549,102.4896315,459.8867715,158.2287829,531.5983659,451.8614633,0,239.9584721,452.5277926,444.633484,521.5089897,362.2774415,530.1438884,514.9817706,443.4264655,618.5710365,546.9679716,710.2373044,705.4506388,560.7258635,465.0433575,602.8504932,654.5912834,493.2499024,651.169279,641.9890338,780.9553034,651.1230988,661.9293625,590.9855845,730.7483177,805.3398942,806.910088,767.2220409,524.9615359,604.3314595,555.2681652,817.7664365,816.0634691,888.4311627,848.3446455,1095.506504,1094.467046,1010.524504,920.1771771,977.4932141,1200.505779,1105.171564,1121.929699,933.9891974,800.0749305,1084.254454,1039.136513,1083.162747,1049.410593,905.9364699,925.0172406,1066.105168,1118.676045,1243.8755,1177.209626,892.8843933,1060.148821,1124.848923,961.1341196,1107.136378,655.5556044,691.513057,810.1545022,798.7282284,917.6459625,877.3031725,1080.591484,1006.501466,793.0644192,1051.101008,1095.354258,1119.095995,1309.471179,1183.009564,1095.280278,1254.60584,1246.140538,1297.664161,1138.777097,1140.149657,1116.685906,1215.546999,1520.71155,1244.34636,1420.413192,1362.736133,1568.578048,1454.292746,1332.449507,1202.183497,1096.656888,1192.193786,1140.604605,1170.514031
63353,240.8129596,481.7604916,568.3208634,191.4766399,474.8681888,190.9077818,593.6592029,539.6201511,239.9584721,0,531.8202462,512.2992222,547.7901382,344.6229209,545.5095678,565.1100331,422.9805696,648.2529796,577.7900903,735.4797225,794.0605377,562.9135204,419.7051507,684.6619616,761.9695546,556.8393816,732.863217,716.9465506,876.6398336,705.1632587,707.9476948,647.8501912,827.5380499,915.6371427,924.6176073,863.9434954,596.4647573,689.9510288,632.2252149,866.715698,910.979362,956.2724503,872.3560866,1170.558503,1163.910322,1065.667967,957.3275247,1036.41807,1263.030727,1163.421342,1175.478204,972.7429212,849.7804423,1158.495368,1075.843695,1154.358679,1118.731274,959.7396945,986.6738584,1153.946987,1188.213087,1289.670572,1239.59535,950.9008281,1122.69871,1184.479672,1022.226505,1190.753114,700.9197177,747.5805537,890.6330269,841.9284905,985.2516966,940.3374703,1122.831617,1048.563573,837.9927559,1179.90237,1179.81114,1193.694749,1383.353395,1268.783444,1174.736104,1337.46522,1302.578527,1352.456393,1198.453522,1206.716802,1180.37772,1290.857775,1583.906666,1318.433168,1480.694237,1431.320165,1631.518643,1529.699067,1401.378933,1264.948922,1168.292333,1267.974312,1206.762857,1240.797824
63613,542.119147,317.4961038,411.3416955,485.1812061,455.3920722,503.6959249,321.691597,77.51641192,452.5277926,531.8202462,0,127.6095465,359.8251666,575.8175593,516.2155382,477.1305968,485.0868711,426.1127515,392.1590711,531.0147684,540.3757407,544.1958092,602.8991671,519.8757978,449.9978268,360.6903571,487.4181566,444.1146172,591.5813649,616.8045269,698.1095494,635.0333608,607.6733395,623.3208273,621.3212948,587.8218025,396.1083875,512.1765018,501.1652736,648.3456269,664.9859489,729.8179905,890.4223304,914.1030863,927.6919764,816.9155959,927.9301579,1006.190285,1020.392692,1118.894088,928.1877169,803.2893261,832.5377336,895.7104273,872.3614221,973.173467,926.399135,816.5449152,927.6297897,927.5930045,969.4428058,1132.133,1028.093647,807.0560656,923.9846157,1011.343966,825.8272753,972.971376,554.2181484,604.9362945,672.1950184,849.853786,806.060737,778.6660062,967.5382663,896.1608968,701.6971776,946.6734775,1004.669361,1017.077353,1194.409235,1042.512463,985.7846659,1113.810423,1121.003138,1178.148284,1024.120275,1027.934619,1090.242134,1086.318452,1412.303256,1131.798436,1364.388998,1242.50239,1449.327234,1338.899167,1223.246861,1144.710077,1009.832082,1068.228902,1112.977689,1040.492944
63649,525.4019297,273.4539776,410.941208,469.8020593,429.7498136,488.3824167,335.9008236,150.6962589,444.633484,512.2992222,127.6095465,0,363.5860524,559.8349786,503.701886,487.7090555,471.9816814,436.8731674,394.3311132,531.7333915,604.1789125,530.4975059,593.2813727,534.1718148,498.048616,362.7148617,497.4317345,474.8195469,619.2099945,621.2482955,703.0881073,638.2009045,634.1572201,656.3570994,662.2470033,610.7129222,401.0977142,530.510458,509.1772716,656.4993003,683.0270896,743.961685,882.176953,928.4463629,932.268243,835.449562,923.6478268,1007.099212,1035.187069,1121.442662,940.8693226,821.894378,827.5809074,919.598811,872.9398486,996.7437395,944.4164499,830.394583,934.121342,954.4824668,988.3683305,1142.730226,1042.015219,818.6567924,938.2556323,1011.17601,845.6857125,994.9682508,552.2760087,610.2069385,687.7326659,858.2451971,827.4005063,785.99321,973.8611324,898.6255802,709.3263795,981.5019046,1019.079892,1038.836168,1212.869751,1065.570167,1003.198664,1138.683353,1130.478343,1194.013453,1040.296646,1045.991401,1096.625304,1107.967388,1427.884463,1145.342993,1374.264409,1260.150609,1466.728519,1360.631322,1242.88424,1154.604077,1028.787068,1091.081054,1123.57918,1059.999948
63666,523.9721211,330.3907813,323.2270499,541.8711973,452.3923986,535.2472345,352.3822621,362.1011993,521.5089897,547.7901382,359.8251666,363.5860524,0,548.7790001,465.8021219,501.0171324,583.1747818,514.3857685,488.4168018,637.1931306,719.1022626,641.2983053,691.1770019,597.7201358,646.4200022,476.2608607,623.6075457,558.7171238,717.9129082,747.9360175,799.5307166,661.5374531,702.6147532,819.9749632,827.7857878,765.7313594,494.7549689,603.3252485,581.2183079,727.0964487,784.6456405,848.4380499,965.0905362,1068.081858,1066.936389,916.7719512,1033.609421,1135.820905,1147.157616,1270.728403,1033.889688,973.044558,986.3553433,993.6325949,924.8049944,1086.202242,1092.016157,904.7649659,1083.462663,1097.021352,1128.289867,1236.07005,1186.219378,897.9799032,1063.74337,1144.036668,949.4607211,1134.59457,660.0678533,687.5082547,818.3878262,964.1573355,931.3320826,905.5927545,1076.157833,1002.479299,783.4217633,1124.288422,1157.842668,1167.966878,1333.763958,1188.804756,1142.725594,1251.274726,1265.505596,1279.253398,1135.839268,1147.054077,1229.769414,1228.990134,1537.165494,1282.970984,1508.204686,1374.318327,1576.897119,1472.209863,1356.47204,1283.45734,1135.638831,1209.809097,1254.549491,1175.89222
64927,412.5775297,469.9545743,512.9522876,346.5823749,534.8105832,331.7158443,626.6782389,587.2473365,362.2774415,344.6229209,575.8175593,559.8349786,548.7790001,0,539.0041736,501.2030225,590.8544228,698.1636237,638.5841091,787.4031917,838.9163415,672.8642316,601.0885318,720.9084673,797.8866317,616.5797143,776.4913483,757.230836,919.656332,755.3507166,800.7407859,620.4438479,870.6921311,957.1065387,966.6754603,901.5225131,630.7237179,725.9029963,660.8988584,915.1277418,955.8235407,1004.345776,836.7214354,1220.291774,1214.973187,1105.635956,985.6925511,1125.953446,1318.020323,1260.855258,1224.944652,1077.436737,963.0374831,1200.262641,1111.307513,1216.258485,1186.906828,1023.450775,1093.237829,1228.065041,1260.893754,1359.457538,1316.620913,1008.756332,1192.953862,1225.581074,1092.170267,1242.964136,780.4082841,786.0340103,946.1357444,926.401786,1030.883815,967.4958652,1184.692447,1118.686373,871.2012131,1222.927619,1250.570478,1265.492482,1440.772873,1321.028198,1256.481046,1410.5607,1350.774576,1416.116315,1252.360259,1259.54713,1267.566875,1346.301718,1637.436519,1352.912623,1560.48071,1487.431734,1689.538992,1582.936433,1455.925593,1347.363529,1220.452968,1324.051521,1293.271644,1296.325367
68236,492.8448988,434.9208555,483.5341867,542.3693973,274.3652709,534.7402476,570.7310843,527.2225053,530.1438884,545.5095678,516.2155382,503.701886,465.8021219,539.0041736,0,497.7955852,640.2413864,684.9316461,615.8944989,786.2470601,824.7044668,744.7637209,750.3608866,615.7869174,753.5766666,560.5707253,731.885166,731.4121207,889.9943208,866.9074086,909.7333971,775.6768302,825.4232641,921.1529737,930.5008474,862.5199622,588.1398415,598.0113815,637.659691,885.3812157,938.8764691,983.8711001,1029.589601,1199.383326,1198.992405,1102.619059,1108.855185,1204.510998,1301.917216,1338.114517,1214.01771,1066.131705,1055.412348,1184.967962,1085.492956,1227.241382,1198.002422,913.4099004,1174.141803,1236.190191,1270.082332,1377.676468,1330.508197,925.1864233,1199.668384,1269.982845,1103.509768,1240.305597,766.0614676,666.5895869,945.1304674,1057.218972,1022.735421,1000.674399,1182.284209,1121.466458,733.6414904,1202.411934,1218.395814,1257.922543,1435.257792,1320.598844,1259.07352,1405.476069,1354.455278,1409.474649,1243.622972,1250.063323,1304.566552,1340.085372,1637.041877,1373.200571,1589.315682,1490.78749,1695.20756,1589.462896,1463.718563,1370.172639,1239.624294,1324.873749,1342.006056,1296.798879
69394,521.2490497,428.7333541,447.4771012,544.1861586,507.7162544,556.3016369,544.4052626,484.2549275,514.9817706,565.1100331,477.1305968,487.7090555,501.0171324,501.2030225,497.7955852,0,655.8774611,678.4438063,620.5612072,775.6804502,748.9082694,755.2117533,756.2374675,645.4011748,683.2860089,536.8564209,696.9118324,676.1108762,825.8018909,825.0793398,861.59204,712.9357758,774.475385,851.974908,853.1511831,810.2378864,549.9701887,641.9811828,595.4460346,878.9823607,899.2260869,961.6118474,953.4544578,1180.089827,1178.114152,1081.685783,1065.379844,1175.26835,1264.51695,1300.204796,1174.378688,992.2266561,1006.277223,1130.550296,1062.366942,1183.347286,1173.364095,1013.80932,1161.064237,1195.482451,1242.829819,1363.804028,1308.131514,1002.00797,1183.078866,1228.938964,1068.66054,1180.46666,774.1423343,772.6443063,922.2710854,1044.815425,1003.524223,962.6324818,1178.089854,1122.178949,859.1023273,1103.804116,1171.522991,1170.664648,1368.002754,1240.55098,1183.794215,1358.708952,1296.568559,1356.328499,1188.671561,1192.291976,1266.239173,1280.640564,1584.22007,1295.534623,1544.603524,1433.060496,1639.080997,1523.836426,1405.491473,1328.60602,1180.823346,1260.348367,1296.527126,1241.289559
55529,504.3909985,510.5038389,636.4418418,434.1665493,493.4510393,433.8463813,550.2755318,499.7242812,443.4264655,422.9805696,485.0868711,471.9816814,583.1747818,590.8544228,640.2413864,655.8774611,0,454.7640401,352.1213112,504.1521129,561.0884188,308.0329938,241.2231411,563.8962686,592.7364142,408.2980182,557.1211376,552.7875976,677.6581086,570.8551407,560.85337,556.7364431,675.0168401,711.3588452,725.1034767,679.0406588,461.7460777,545.5326799,559.9176665,614.1583256,674.8702682,698.2474669,672.6829153,900.9562884,892.3692256,825.3679006,682.778398,792.397622,980.6144016,929.2786525,921.0204515,756.3828716,614.996314,904.4153682,820.7952037,891.3973416,872.0987195,713.691686,728.6477462,875.2119817,897.5144041,989.2951836,940.7424022,688.1307431,827.9150941,896.9073358,750.8248837,921.0090187,414.1891263,524.2012865,617.9917274,621.6891977,692.9928592,641.3633841,803.7236534,722.149009,598.8828361,975.4388565,924.0023382,968.6260759,1113.350759,1013.972376,904.4733944,1066.852347,1027.745751,1060.919332,920.8350412,932.2211755,898.7995926,1011.345439,1291.722569,1057.458134,1182.857355,1144.078367,1334.347369,1242.239256,1117.496072,963.6859031,907.157544,986.5229536,922.5348513,953.0018772
55639,696.7115113,512.7025028,595.2609195,639.0573839,631.4112064,643.1799655,469.0946555,435.3369583,618.5710365,648.2529796,426.1127515,436.8731674,514.3857685,698.1636237,684.9316461,678.4438063,454.7640401,0,175.1995772,222.2659104,466.3207709,345.6438103,528.2773352,560.8510016,496.0126286,394.6895609,473.2851142,326.2821873,553.8541602,533.9867373,634.9395082,571.850328,586.6698722,621.9757878,631.7930065,588.8266351,385.4714825,528.178603,552.848995,445.830665,490.0159732,557.8004528,741.110541,766.8469653,764.6006268,584.9287198,717.5588832,854.3576747,830.4314628,988.9227506,726.3343662,702.8510587,708.7876919,729.4923633,637.7780457,817.7324485,800.7563542,648.4362071,795.0032959,755.9095812,770.7927558,868.2287033,831.5885063,627.9592868,712.5362092,805.8470071,570.8928636,807.7605603,399.5542163,474.6043435,510.3865114,672.9978483,598.7758251,580.6307668,706.5169709,644.2306529,532.4822032,915.6821218,921.9730915,906.868215,1015.357108,879.8910803,865.6957929,996.7528001,928.3328035,936.7615662,795.4364561,815.6506595,946.4574488,891.490024,1180.495616,967.8633622,1180.479071,1009.109907,1210.458893,1133.338947,1005.124183,974.2086466,814.3455149,851.8793431,950.8714351,820.0053084
55762,631.545716,445.4383256,574.4131314,567.1348039,538.6063025,568.3482015,427.2629566,407.7675359,546.9679716,577.7900903,392.1590711,394.3311132,488.4168018,638.5841091,615.8944989,620.5612072,352.1213112,175.1995772,0,235.9172392,422.6774069,315.6220625,445.6235639,479.9066707,460.9345882,319.0229881,428.7141886,354.9273562,530.8962529,499.4995705,576.5774616,504.9325754,566.0858262,593.2054026,607.5653246,557.7706544,328.0292258,443.4410887,491.2915416,440.9575947,501.9163372,546.4601278,695.4625151,772.4982822,765.5349183,648.4201862,683.7091827,807.4437638,847.6078154,952.8954056,763.8705607,682.2086809,659.3724879,748.2005299,657.3798159,783.2482328,778.8813906,605.0660821,751.7916944,755.8343153,774.8441807,870.9742661,830.7333255,574.5479869,703.9628356,789.0503622,596.1697568,798.7995399,313.9049429,398.0313819,470.3315559,624.2311929,552.0942763,530.1147587,679.9255296,610.2384312,469.6732354,887.0401552,876.6485923,883.1988249,1000.861382,883.1972936,835.1936492,972.8947425,916.8173261,931.4138289,782.5769223,800.253786,903.6477983,885.5830191,1177.353557,950.8837353,1153.503395,1014.798627,1217.486483,1127.491333,1000.871474,937.2739903,793.0476741,855.4658128,916.7170811,820.3124252
55882,799.7539062,583.0868355,729.8186745,730.3966057,722.4954119,733.0246075,555.3160685,545.1390358,710.2373044,735.4797225,531.0147684,531.7333915,637.1931306,787.4031917,786.2470601,775.6804502,504.1521129,222.2659104,235.9172392,0,482.3640413,347.0457176,558.7227169,607.4414093,546.9092126,477.3351724,507.224028,411.4981133,571.9397351,505.859849,640.2083321,585.9439254,637.4581084,628.6903989,652.4328493,612.8744671,470.1866973,564.8807695,610.7185293,429.3256048,497.09022,527.4143931,720.1061905,730.4804588,712.6476081,579.8056828,662.4069171,799.1952408,779.8957593,947.714557,675.7304845,685.8853988,679.6246184,714.9308996,617.1018869,733.9163085,755.2244218,608.4876404,746.8127907,708.6250082,705.9210847,772.9664122,743.3896258,579.9277883,634.490198,715.8524542,523.6933955,772.9957934,374.1057353,481.8835297,457.5331213,632.0163222,535.6419805,519.9445347,621.9529252,541.5434681,521.5461086,903.5340365,886.0587498,873.1664501,941.4762082,809.5652257,799.5700813,921.9543411,869.2627041,856.4554459,737.251402,767.0241624,897.3197451,834.1571098,1104.936404,915.742796,1113.632689,934.3714053,1129.030982,1058.565302,940.2655353,910.5299652,764.7436665,803.1353008,897.7391827,764.9956917
56094,849.457864,681.5994045,756.067141,740.7501248,751.0490622,767.4782607,599.2885625,545.9845192,705.4506388,794.0605377,540.3757407,604.1789125,719.1022626,838.9163415,824.7044668,748.9082694,561.0884188,466.3207709,422.6774069,482.3640413,0,570.083897,611.7036741,600.7086048,471.5058599,527.9470186,563.7812966,498.8411406,552.6630911,623.3390518,648.2966996,632.5514729,633.5879185,572.6882678,552.3240698,606.8776056,527.3451149,546.059393,644.9870107,565.3319905,529.5545339,597.9473713,773.1671468,777.084938,782.7997475,706.5548763,730.6257823,809.7576878,845.3181195,954.9573316,811.9280057,673.5781584,691.9288033,724.7103013,742.2821649,705.554392,742.2294044,626.7550542,737.4850787,658.4924299,724.238921,851.1121195,791.7553251,597.1208878,686.2887877,776.3757562,601.4966095,748.6521782,462.6455798,513.0709041,462.0140194,648.2632247,490.369859,520.0264267,671.0529807,629.5017706,540.437006,773.0068454,832.2241628,825.9304316,941.1586873,821.3265775,774.9862846,880.7248057,859.1647816,881.0333333,753.087576,760.6887899,875.5286534,829.4366141,1107.310487,875.5473468,1083.923818,960.8646022,1143.008567,1023.398231,929.7839542,884.6198126,738.7391853,782.0457087,861.6785296,770.1606576
58072,656.8654838,571.239769,725.5175959,556.1728692,637.1373648,556.3610163,590.412846,553.9413881,560.7258635,562.9135204,544.1958092,530.4975059,641.2983053,672.8642316,744.7637209,755.2117533,308.0329938,345.6438103,315.6220625,347.0457176,570.083897,0,368.0798958,628.5010509,623.282601,491.9282289,587.0374141,507.3874242,676.2814096,524.5531481,600.5767132,583.9223757,703.6361043,723.431409,742.3766508,699.097285,505.1368626,603.8761345,637.1227787,568.2382406,625.7987146,666.8898057,666.2410175,855.6397271,845.5948506,722.472704,617.1200511,783.9921406,917.3004827,928.4931178,830.1952375,797.7599467,631.0150985,858.1672286,758.9570779,867.6738017,848.215237,707.6705579,722.5571349,825.3865567,833.6355603,907.2224065,871.2284307,678.7267345,766.4107252,838.8278963,657.2298483,881.562495,431.6783663,549.6465906,592.2251469,609.8795474,662.538825,623.7781489,750.0706207,661.414045,603.6260035,984.1929092,939.1102167,972.0055076,1057.596714,948.7641388,883.0079236,1041.570183,997.1804359,999.797232,871.1963893,889.4153089,889.091934,956.6422486,1228.352051,1028.852709,1151.195294,1064.483627,1256.029536,1186.627455,1062.295074,941.8059205,871.3853614,927.0844633,899.4559938,889.6131318
63635,552.7085532,632.5174191,734.9212243,441.7165097,624.571059,449.6375059,651.082208,613.0626806,465.0433575,419.7051507,602.8991671,593.2813727,691.1770019,601.0885318,750.3608866,756.2374675,241.2231411,528.2773352,445.6235639,558.7227169,611.7036741,368.0798958,0,641.0091147,665.0630964,518.4238607,629.9643341,622.17701,727.6807484,528.3620852,500.4506801,526.9559265,726.9385746,763.0584698,774.8105751,735.9040012,557.9691898,619.3816958,625.912482,658.9630991,706.6860474,727.56934,631.5002733,917.8606699,907.5203826,838.6079584,646.3487722,726.5791417,984.3086973,862.6593815,932.5133713,760.015169,541.1970305,918.9765214,845.2228776,887.3116268,866.7716331,718.7586804,663.9275675,864.4418439,885.0425566,960.3749286,924.6255227,695.4687343,818.9580772,882.5262364,748.3795568,923.4950228,468.3068736,573.1199073,635.9193084,523.4534347,702.4860026,648.5967625,791.9102764,717.3435309,633.3224599,996.215079,939.9531595,960.8920015,1104.02791,1013.615427,903.7049443,1064.815931,1013.674416,1043.137935,913.7211391,928.4434932,869.9059558,1007.484934,1267.572361,1041.307087,1145.55753,1129.580603,1308.4867,1221.365075,1097.558601,939.9112245,886.7578197,978.6025654,881.3924606,946.8867801
3790,719.5716881,569.2416433,665.7007482,647.0443641,534.1302562,623.7777897,536.4359767,538.1576632,602.8504932,684.6619616,519.8757978,534.1718148,597.7201358,720.9084673,615.7869174,645.4011748,563.8962686,560.8510016,479.9066707,607.4414093,600.7086048,628.5010509,641.0091147,0,383.1871714,313.0058176,332.6950296,432.5487912,507.8465033,529.5779837,574.9947683,464.9101431,408.4948224,485.7932638,504.2066896,439.6265913,317.6577926,155.8533658,330.5086635,529.6127192,573.4403249,553.6441362,764.5801661,747.478606,750.6888895,747.5307321,771.9070641,753.9635545,853.2062017,894.8996082,814.7965149,744.7599228,674.2505137,779.1409224,750.1691885,812.0216116,749.9550425,578.3788023,747.74537,794.7066557,824.4397699,951.9544974,887.1498866,552.140745,750.4969818,837.8935046,697.4626374,782.2421748,450.6327337,434.8628299,566.245623,705.310798,643.744108,671.9601903,847.5142148,783.3622177,608.5274977,715.5605535,703.4635697,768.9757517,935.0232594,842.6481419,774.3433483,932.5737051,921.6719669,931.5105612,775.4879165,776.5772721,811.7925144,852.0478552,1161.110224,899.2716295,1096.788184,1005.844319,1216.219512,1104.663884,984.253236,870.9549541,768.933819,856.2783145,862.7908887,820.4963611
41898,802.742775,618.7403643,699.7368376,705.9823146,685.3077006,697.779375,523.79341,480.1580451,654.5912834,761.9695546,449.9978268,498.048616,646.4200022,797.8866317,753.5766666,683.2860089,592.7364142,496.0126286,460.9345882,546.9092126,471.5058599,623.282601,665.0630964,383.1871714,0,340.2636318,225.080151,329.1496121,332.2249259,443.0995518,535.6912078,524.8403596,364.749861,231.9029149,221.4300447,214.5340166,324.2557395,349.6934025,413.7239909,476.3549615,454.2722573,447.229738,782.2873425,594.267877,622.1841405,617.3153703,778.8927839,747.3659628,717.9660254,837.0527226,676.7632174,662.4827151,647.5135147,617.1382477,707.4990237,712.1342277,646.3295208,622.5912636,702.3366463,652.6717866,690.3537131,888.3966254,761.1649791,592.4562231,646.9650654,747.2850914,600.0059681,616.1782999,473.5356896,503.430999,487.6665185,685.5506993,592.4681229,609.8055571,788.9441797,739.5986105,613.947715,566.1935498,659.614337,669.2072952,849.9431576,726.4634472,680.5380466,835.0830455,812.6581667,878.6833655,713.2004091,697.9511216,781.4905652,733.1638866,1074.889371,796.5923988,1039.160548,902.2037864,1113.488422,992.456583,880.4659902,825.1618773,682.5403153,730.7293212,818.3123774,709.7903816
55399,591.3003111,443.163492,533.3459929,533.4503046,464.3352701,513.8717956,435.4635918,384.9668446,493.2499024,556.8393816,360.6903571,362.7148617,476.2608607,616.5797143,560.5707253,536.8564209,408.2980182,394.6895609,319.0229881,477.3351724,527.9470186,491.9282289,518.4238607,313.0058176,340.2636318,0,288.0531477,319.8280788,467.1258509,473.3325038,539.0918762,444.7083314,395.9881895,480.3191449,501.3736788,428.5737613,132.5716069,312.5425784,294.4457949,447.4054065,497.9425437,519.0550945,714.774452,745.9426226,742.4680326,683.2855898,737.4214509,778.4127604,839.9743709,899.8928632,773.7532348,669.5276959,633.250745,742.3940542,682.3358504,817.8005902,763.7783017,632.3346762,748.0454809,791.3135465,819.0416176,945.3990013,883.2255807,604.9708971,749.4972386,830.5274708,660.5760468,774.0300907,367.7010866,421.2967736,528.5847413,680.6302214,631.9636018,620.8706125,798.2200213,733.6996612,563.3322133,765.5033348,765.9635523,797.101317,968.164433,870.2007981,798.2168785,971.6141,916.1113904,957.3439848,785.853065,787.3817789,850.0729207,869.6204811,1181.998728,918.4907114,1133.808107,1021.451603,1233.57317,1131.441413,996.2295059,911.5904459,780.0876936,856.1819407,888.2555208,828.6055166
55466,775.5827773,584.8697797,675.2440517,699.0976098,656.7367075,673.8306243,527.9472816,520.9009455,651.169279,732.863217,487.4181566,497.4317345,623.6075457,776.4913483,731.885166,696.9118324,557.1211376,473.2851142,428.7141886,507.224028,563.7812966,587.0374141,629.9643341,332.6950296,225.080151,288.0531477,0,308.8032346,347.0139328,379.2962889,483.9023331,467.6627115,313.1691217,281.7416944,320.1267374,207.3139596,271.9742078,320.3822733,337.4092227,406.8485931,445.9658311,383.180445,733.5034679,563.2743221,567.1248001,587.8465245,735.1066043,691.9994662,684.9589757,797.5494675,634.7408505,653.7215329,608.9237038,609.5343783,646.7764625,675.1773617,645.1355226,580.8972485,670.0413714,669.8080194,678.2946673,840.8567152,735.7607796,544.1649606,606.7135475,696.7694913,568.8550276,617.3285677,402.2230236,450.9337746,456.3967553,645.117159,572.2552566,574.5499179,748.9152386,685.2912743,589.9826144,613.1775519,639.9552327,653.2472858,828.8212891,700.240983,658.0220663,824.6724447,800.488175,836.1684281,675.1412822,669.5843931,741.6616806,716.3373361,1049.158375,789.1953843,1012.780219,873.3636598,1091.362902,973.431136,858.9829808,791.5107664,659.679785,717.29162,788.1209619,687.5763563
55498,767.0042627,568.934418,616.7344112,685.3150066,675.2509498,674.464403,471.7541146,450.4946887,641.9890338,716.9465506,444.1146172,474.8195469,558.7171238,757.230836,731.4121207,676.1108762,552.7875976,326.2821873,354.9273562,411.4981133,498.8411406,507.3874242,622.17701,432.5487912,329.1496121,319.8280788,308.8032346,0,358.922014,433.5746943,531.6919011,495.621898,386.370854,418.1877383,432.7278966,399.3682858,275.4330736,414.4124181,418.2941807,412.8436463,440.2473471,456.0861527,733.945911,644.6372857,653.1280595,522.9816384,720.9450701,761.7600852,713.4100544,877.0180589,636.3416711,632.529223,644.5396127,603.1967758,592.8082396,746.1468003,679.2775103,602.6204276,722.7823403,656.6134774,689.1870405,836.6476978,759.9112718,580.3691113,635.9839379,748.6270611,496.6149402,657.2487074,404.3538943,471.9146115,450.3836773,658.8478068,583.0651371,586.8951948,733.9823193,679.54962,583.7600551,687.7932838,736.6880452,720.5503417,859.4405524,723.0720494,715.5165627,865.4175078,826.1645142,851.6824434,685.4756513,683.7878979,815.0870546,739.172807,1063.867042,821.4195346,1063.472161,889.9030919,1098.900808,1006.129068,881.4088282,852.5126576,671.014435,720.1882996,829.6676941,694.2674851
55787,930.0893914,724.3453326,817.9108377,823.9427182,821.0243017,818.5917168,526.3054917,606.3248548,780.9553034,876.6398336,591.5813649,619.2099945,717.9129082,919.656332,889.9943208,825.8018909,677.6581086,553.8541602,530.8962529,571.9397351,552.6630911,676.2814096,727.6807484,507.8465033,332.2249259,467.1258509,347.0139328,358.922014,0,472.4344593,470.8348132,524.3554389,421.8622282,319.8697156,315.9887322,315.1674158,429.3945796,475.9371924,516.53164,496.7166321,473.5282791,431.3727093,786.7836171,549.4488494,579.6245347,599.673129,765.5401987,727.6841234,645.8730063,778.0509024,644.2775312,602.0284138,625.6235305,451.0957852,678.7692862,615.6928251,571.6308954,581.0425594,651.2260117,532.4851615,580.8101846,783.4336554,657.5542112,550.1906095,555.5807741,660.5020706,503.6536276,510.6041167,495.2477614,543.1873597,412.8177836,651.403773,565.6877578,571.3193595,720.3064383,682.1755227,634.2221723,513.5910692,607.6723167,598.8474318,745.0610115,626.3282647,575.6410177,676.0238211,735.0307987,771.1279856,615.9632918,591.5030339,716.4245663,609.938508,955.5816817,701.4041071,944.8666138,787.323024,983.2229407,859.1455692,769.9410473,741.8696997,560.0376702,614.8813273,727.3937395,585.2719594
56323,817.9463497,691.0425915,801.3813377,677.8875116,794.4225923,655.9453049,664.8952073,642.0164176,651.1230988,705.1632587,616.8045269,621.2482955,747.9360175,755.3507166,866.9074086,825.0793398,570.8551407,533.9867373,499.4995705,505.859849,623.3390518,524.5531481,528.3620852,529.5779837,443.0995518,473.3325038,379.2962889,433.5746943,472.4344593,0,351.4993774,404.5373281,487.1529134,447.6261184,491.4475652,438.1918691,458.8832192,506.7805074,508.966861,474.8696042,518.0674813,466.2453697,633.4901525,614.8339326,605.7900794,584.9937672,631.6723697,572.6071816,685.9426577,682.7865072,616.6788272,690.7093365,481.8393509,644.9421362,667.5221897,672.807762,638.570106,605.2593349,551.7028076,667.6041117,665.6138385,778.7566814,690.533262,568.4757111,587.2974332,660.2666253,549.3541419,636.6861166,447.4269895,529.4311753,470.280357,472.5069854,577.0854936,571.6756489,720.3730363,647.1735239,624.4423041,685.8304371,688.5982332,684.4176679,796.4556894,688.2076603,638.8726324,812.5124705,779.1780726,826.9863536,678.108054,678.6997925,678.6391584,719.1647434,1011.820815,771.3478037,944.9164373,851.2600761,1047.207895,942.3836367,831.3136372,741.2827497,624.9569508,719.6361718,707.0648784,691.1755144
56780,814.3625609,755.0234196,853.9054666,683.0444075,817.4042234,665.5037858,666.2925331,717.8828735,661.9293625,707.9476948,698.1095494,703.0881073,799.5307166,800.7407859,909.7333971,861.59204,560.85337,634.9395082,576.5774616,640.2083321,648.2966996,600.5767132,500.4506801,574.9947683,535.6912078,539.0918762,483.9023331,531.6919011,470.8348132,351.4993774,0,444.0184667,578.5320853,542.1550384,562.0293702,527.6006005,516.3778374,553.360552,561.4180282,608.628113,624.023297,571.5837646,659.2785135,702.6748973,708.5903229,730.982626,660.1959425,582.644785,785.623544,657.8827185,769.1619468,676.5748136,468.9989099,657.0495734,785.861492,676.0469773,631.7237711,625.6158613,518.1940484,672.7453836,702.4697318,820.9298314,742.2753339,593.9353826,641.3466052,713.1284347,596.5049517,676.2845761,496.4381436,579.2631565,495.3818623,462.0954932,618.7125949,597.2704928,757.7932889,694.7736033,668.5029704,680.3128071,683.2192726,670.6827036,835.9359961,733.1991668,633.1077335,788.0002733,790.8822463,836.4180141,686.0218851,681.4081739,655.2474816,741.2457496,1029.351481,782.7628045,926.2800383,882.8036672,1067.536963,916.4755555,830.1552222,721.3424444,614.4563207,727.5882418,674.0270195,705.6576879
56891,751.9344102,653.8646874,723.0851003,619.7576355,705.7967785,597.1248305,601.2346495,650.6115722,590.9855845,647.8501912,635.0333608,638.2009045,661.5374531,620.4438479,775.6768302,712.9357758,556.7364431,571.850328,504.9325754,585.9439254,632.5514729,583.9223757,526.9559265,464.9101431,524.8403596,444.7083314,467.6627115,495.621898,524.3554389,404.5373281,444.0184667,0,502.4705047,584.9686384,611.6225584,559.9180056,436.8740792,448.6522937,430.9829324,549.0284443,584.454334,577.0564093,517.2934805,779.3584033,762.776704,727.2970555,594.9569465,655.3775834,839.0841259,799.490737,796.2769016,728.0891436,552.8263906,744.9435123,723.6541201,764.2398065,749.9045153,602.9652642,656.2699198,774.4036745,795.122792,868.8401468,847.6259453,563.5825554,719.096208,755.1324404,658.5852005,757.5074999,458.5694083,493.0259307,544.9707271,533.701203,614.408461,564.5386417,764.0861595,708.7767137,609.1738258,770.4561601,758.8071516,767.5913069,903.1273831,829.9725899,760.152812,903.7980227,866.2407876,883.4171328,736.5597343,744.1338978,761.5220611,828.7141492,1098.520793,841.7524129,1032.905108,960.9789023,1148.050247,1045.292007,932.7553047,823.2728734,702.3191489,817.218525,780.9200235,783.2494123
